0.226 0.433
0.109 0.120
0.436 0.431
0.225 0.145
0.186 0.236
0.075 0.195
0.435 0.177
0.334 0.273
0.277 0.440
0.148 0.458
0.163 0.126
0.482 0.302
0.144 0.341
0.129 0.239
0.308 0.211
0.307 0.147
0.377 0.368
0.405 0.333
0.350 0.411
0.441 0.274
0.258 0.258
0.204 0.302
0.178 0.189
0.345 0.314
0.030 0.013
0.144 0.389
0.148 0.100
0.395 0.171
0.046 0.152
0.496 0.377
0.142 0.193
0.262 0.318
0.151 0.065
0.217 0.388
0.220 0.191
0.269 0.352
0.108 0.307
0.265 0.159
0.806 0.689
0.884 0.899
0.598 0.799
0.892 0.576
0.752 0.880
0.597 0.717
0.709 0.661
0.950 0.988
0.746 0.683
0.765 1.004
0.590 0.619
0.711 0.828
0.842 0.902
0.630 0.527
0.817 0.514
0.455 0.662
0.888 0.873
0.559 0.666
0.794 0.871
0.590 0.759
0.893 0.799
0.728 0.784
0.675 0.646
0.600 0.667
0.753 0.735
1.022 0.790
0.798 0.927
0.692 0.745
0.654 0.733
0.526 0.700
0.799 0.758
0.682 0.583
0.751 0.845
0.673 0.692
0.605 0.936